1 20253U 89077A   26162.75323448 -.00000361  00000-0  00000+0 0  9996
2 20253  12.4233 351.1987 0004605  51.7419 253.8765  1.00280301260509
1 20776U 90079A   26162.20198485  .00000132  00000-0  00000+0 0  9996
2 20776  13.3423 349.8525 0002401  96.2300 279.5546  1.00274124130837
1 22787U 93056A   26162.77361470  .00000131  00000-0  00000+0 0  9995
2 22787  11.8931   3.5872 0006169   6.9946 196.6568  1.00274145118490
1 23467U 95003A   26162.39558625 -.00000013  00000-0  00000+0 0  9993
2 23467   9.6973  13.2522 0003206  54.5652 146.5057  1.00276742114891
1 23967U 96042A   26162.36850332 -.00000281  00000-0  00000+0 0  9996
2 23967  11.1114  17.1176 0005920 105.3102 226.4293  1.00216014109428
1 25544U 98067A   26162.83551936  .00007284  00000-0  13937-3 0  9994
2 25544  51.6334 326.5798 0004934 175.2433 184.8603 15.49179015570924
1 25967U 99063A   26161.97699617 -.00000178  00000-0  00000-0 0  9993
2 25967   9.8430  27.2488 0001971  29.1923 171.6795  1.00272465 97289
1 27168U 02001A   26162.78257997  .00000105  00000-0  00000+0 0  9993
2 27168  11.1729  21.9385 0099006   8.2953 170.5932  1.00275535 32905
1 27607U 02058C   26162.55839360  .00000916  00000-0  12536-3 0  9999
2 27607  64.5506 146.4007 0075403 263.5157  95.7360 14.83034770263626
1 28117U 03057A   26162.77914162 -.00000096  00000-0  00000+0 0  9993
2 28117   8.9288  33.8567 0002645  56.8079 165.5225  1.00271821 82390
1 28899U 05044A   26162.58025184 -.00000248  00000-0  00000+0 0  9993
2 28899   5.0869  43.7027 0002835  43.0602 165.5413  1.00267655 75461
1 30794U 07007B   26162.73611816 -.00000258  00000-0  00000+0 0  9992
2 30794   5.2875  73.8071 0004022  12.8238 173.6677  1.00271133 70642
1 32294U 07056B   26162.84199631  .00000153  00000-0  00000+0 0  9994
2 32294   5.2394  73.5697 0004029   0.3794 154.4223  1.00272235 68142
1 35943U 09054B   26162.70698977  .00000041  00000-0  00000+0 0  9996
2 35943   0.0675  77.2657 0002826   9.0277 131.2801  1.00272092 61254
1 36582U 10021B   26162.69707360  .00000105  00000-0  00000+0 0  9998
2 36582   0.0310  51.3134 0002569  44.4986  68.3598  1.00270692 58902
1 38098U 12011A   26162.74112698  .00000000  00000-0  00000+0 0  9997
2 38098   0.0317  41.8102 0001518  51.9156 145.2370  1.00271048  7135
1 39034U 12075A   26162.70490977  .00000115  00000-0  00000+0 0  9990
2 39034   0.0701 337.9081 0003709 115.8875 112.8239  1.00273466 49103
1 39215U 13038A   26162.67248897  .00000147  00000-0  00000+0 0  9994
2 39215   2.9985   1.3580 0001686  83.2583  82.3353  1.00268660 43967
1 40296U 14069A   26162.20260716  .00000323  00000-0  00000+0 0  9999
2 40296  63.4435 215.9165 6650366 270.6095  19.7049  2.00593165 85114
1 40931U 15052B   25151.18580175  .00001241  00000-0  78118-4 0  9996
2 40931   6.0006  24.0987 0012733 338.8432  21.1169 14.78805930523159
1 43678U 18084H   26162.83481030  .00002667  00000-0  21701-3 0  9998
2 43678  98.1180 358.8112 0012215 187.4845 172.6197 15.00428066415413
1 43700U 18090A   26162.62828442  .00000161  00000-0  00000+0 0  9992
2 43700   0.0167 320.3790 0001431 157.1033  34.4948  1.00269967 27622
1 43803U 18099AX  26162.41903211  .00013576  00000-0  42176-3 0  9998
2 43803  97.4135 225.2337 0004121 290.5933  69.4867 15.33467542412740
1 44453U 19046A   26161.73765025 -.00000025  00000-0  00000-0 0  9999
2 44453  63.1226  51.6003 7074254 274.8507  14.7096  2.00600319 50215
1 44909U 19096E   26162.61066808  .00000028  00000-0  60927-4 0  9991
2 44909  82.5217 343.4113 0217927 157.1662 203.9312 12.79748751301632
1 45254U 20015A   26161.98674771 -.00000124  00000-0  00000-0 0  9991
2 45254  65.5263 319.6203 6859488 278.0257  15.2103  2.00603397 46161
1 52145U 22030A   26162.48709860  .00000240  00000-0  00000+0 0  9998
2 52145  62.6777 141.4098 6782176 272.8584  17.6673  2.00614267 30915
1 57167U 23091B   26010.59363612  .08733485  25619-5  12458-2 0  9993
2 57167  97.4978  91.1570 0009532 282.8011  77.2220 16.34765267141469
1 59112U 24043Q   26162.68083809  .00036244  00000-0  47794-3 0  9993
2 59112  97.5519 312.7414 0006785 214.2461 145.8357 15.58306667127037
1 67291U 25313AV  26162.70682690  .00012644  00000-0  49145-3 0  9997
2 67291  97.3938 237.9744 0008769  23.1674 336.9958 15.26151310 25156
1 26635U 00080A   21013.46269075 0.00000000  00000-0  00000-0 0    09
2 26635   9.2857  29.8038 0014383 186.3086 173.6859  1.00273100    09
1 34810U 09020A   26118.58802400 0.00000000  00000-0  00000-0 0    05
2 34810   3.0809  80.0043 0003222 250.4250 109.5484  1.00270000    01
1 40614U 15022B   25359.93496764 0.00000000  00000-0  00000-0 0    00
2 40614   0.0160 108.2839 0003453 352.8976   7.0980  1.00270000    04
